юмхроюпюгхрюпм.
юмрхоюпюг.йкюпй;30000,1600,30000,1600,30000,1600
юмрхоюпюг. наы.;10000,5000,4412,2720,2400,2112,1864,1550,1360,880,854,800,784,751,732,728,712,688,651,644,524,465,442,422,334,240,152,128,125,120,112,96,72,64,20
юмрхоюпюгхр. F;1522,829,827,749,732,605,967,741,854,524,172,942,422,633,411,604,591,4122,102,344

хмтейжхх
юмрхаюйрепхюкэм;727,880,787,20,465,802,1550,95,444,776,125,72,600,650,1600,625,666,690,1500,1865,832,440,428,660,760,450,700,500
юмрхцпхайнбюъ;2222,1552,1550,1153,1134,1016,880,802,787,784,727,582,465,422,254,72,20,4442,2411,1833,1823,1333,1155,1130,942,933,886,866,774,766,745,743,728,623,594,592,565,555,524,512,464,414,374,344,337,321,242,222,158,132,823,824,825,826,827,828,829,331,336,587,632,688,757,882,884,887
цепоея;465,141,383,450,629,727,880,787,20,802,1550,2720,1600,1800,2160,1500,1865,100,200,1000

цпхоо, нпбх
цпхоо, нпбх;425,461,513,753,763,954,332,341,469,482,523,742,787,841,889
опнярсдмше гюа.;727,880,787,20,465,802,1550,1,444,776,5
хллсмхрер ярхл.;34100

юккепцхъ, юярлю
юмрхюккепцхвеяй;36,20.5,82,31.5,95.5,84,73.5,58,91.5,73,58.3,12.5,75,64.8,37.5,58.5,57,11.5,74.5,53.5,17,60,27.5,727,880,787,465,10000,5000,330
апнмухр юярлюр.;428,465,20,9.4,1.5,1,727,6.3,10,28,90,1.0,871,521,890,665,633,411,712,487,3124,3125,263,756,172,322,822,434,515,886,128,782

кнп
юмцхмю;360,35,86,52,89,82,87,787,776,727,465,428,660,3,230,2720,2160,1800,1600,1500,880,832,444,1865,125,95,72,20,14
апнмухр;32.5,46,76.5,86,92,1.2,73.0,880,727,9.40,9.35,32.50,46.00,76.50,86.00,92.00
цюилнпхр;727,880,787,802,1550,125,72,522,85,90,98,79,86,62,53,69,58,26,74,57
нрхр;43,44,9.6,95,7.8,98,20,2.5,2.6,3.8,4

опнакелш фйр
бняоюкемхе фйр;20,146,522,727,787,880,10000,465,1500,1600,1800,2160,2720,5000,428,660,776,4.9,1.2,1.5,1,5.8,3.9,6.3,800,10,15,12
дхюпеъ, йнкхр;152,344,433,454,621,1550,880,727,787,465,5000
бняо.апчьм.онк.;727,880,787,20,465,802,1550,95,444,776,125,72,2720,1600,1800,2160,5000,146,1865,832,440,2489,450,380

анкэ,бняоюкемхе
бняоюк.& дпемюф;69,68.5,73.5,21.5,58,27,75,46,79.5,32,11,50,11.5,20,1.5,4.9
рпюблш, сьхаш;8.1,86,97.5,0.7,0.9,2.5,2.65,3.3,9.8,56,69,1.2,3.6,3.8,3.9,8.6,92,3040,95,190,760,880,787,727,465,9.10,110
кхлтндпемюф;10000,3177,3176,3175,880,787,751,727,676,635,625,522,465,444,440,304,148,146,15.2,15.05,10.36,10,7.83,6.3,2.5,67.5,15,37.5,38,38.5,20.5,94.5,43.5,88,62,6.30,25.50
юпрпхр;64.00;78.00;100.00;58.50;88.50;54;9.6;1.2;1.6;9.2;64.5;99;56;88;2.65;6.8;9.4;9.7;8.1;46;69;2.5;3.6;3.8;3.9;79;7.8;10.0;28.0;10000;1550;880;802;787;727;465;20;7.70;3.00;6.40;2720;250;650;625;600;30.0
