юмхроюпюгхрюпм.
юмрхоюпюгхр.30F;30000,0,30000,0,30000
юмрхоюпюгхр.1F6;1600,0,1600,0,1600
юмрхоюпюг. наы.;10000,5000,4412,2720,2400,2112,1864,1550,1360,880,854,800,784,751,732,728,712,688,651,644,524,465,442,422,334,240,152,128,125,120,112,96,72,64,20
юмрхоюпюгхр. F;1522,829,827,749,732,605,967,741,854,524,172,942,422,633,411,604,591,4122,102,344
ьхярнянлю люмя.;353000
ьхярнянлю спею.;473000

хмтейжхх
юмрх-хмтейжхнмм;727,880,787,20,465,802,1550,95,444,776,125,72,600,650,1600,625,666,690,1500,1865,832,440,428,660,760,450,700,500
цепоея;465,141,383,450,629,727,880,787,20,802,1550,2720,1600,1800,2160,1500,1865,100,200,1000
океям. цпханй;728,880,784,464,886,414,254,344,2411,321,555,942,337,766,1823,524,374,743,132,866,594,158,512,623,774,1016,222,242,565,592,623,746,933,1130,1155,1333,1833,4442
дпнфф. цпханй;72,422,582,787,1016,2222,1134,254,987,986,984,982,980,974,908,906,878,876,873,871,866,865,864,863,861,778
цеоюрхр;987,781,534,934,878,786,876,842,922,528,224,321,558,334,563,213,477,562,317,166
лемхмцхр;727,880,787,20,465,802,1550,95,444,125,72,600,650,625,1865,832,428,660,5000
юймщ;727,880,787,465,2720,1600,1800,2160,5000,1500
анпндюбйх;727,2720,1600,1800,2160,666,690,1500,2127,2008,2489
цпханй;100,37,727,787,10000
тспсмйск;727,880,787,465,802,1550,5000,1,660

юккепцхъ, юярлю
юмрхюккепцхв. 1;36,20.5,82,31.5,95.5,84,73.5,58,91.5,73,58.3,12.5,75,64.8,37.5,58.5,57,11.5,74.5,53.5,17,60,27.5
юмрхюккепцхв. 2;727,880,787,465,10000,5000,3,330
апнмухр юярлюр.;428,465,20,9.4,1.5,1,727,6.3,10,28
юмрх-юярлюрхвея;871,521,890,665,633,411,712,487,3124,3125,263,756,172,322,822,434,515,886,128,782

мнянцкнрйю, пнр
юмцхмю;360,35,86,52,89,82,87
ярнлюрхр;465,465.5
гсаш бняоюкемхе;727,880,787,465,802,1550,95,1,776,2720,600,650,1600,1800,666,1500,3040,2489,190
лхмдюкхмш;727,880,787,20,802,1550,444,776,2720,2160,5000,1,13,804,784
ебярюухебш рпса;27,29,727,880,787,465,802,1550,776
мня, хмтейжхъ;787,465,1550,522,146,1500,727,880,787,20,465,802,1,444,776,440
оюпюднмрхр;727,880,787,465,1550,444,776,2720,1600,1800,522,146,2008,2489

цпхоо, нпбх
юмрхаюйр. цпхоо;1.5,20,4.9,428
цпхоо, нпбх;425,461,513,753,763,954,332,341,469,482,523,742,787,841,889
омеблнмхъ;568,440,542,532,877,838,748,522,746,520,967,765,2688,6007,2581,2356,5423,5420,5421,5419
бняоюкемхе мняю;727,880,787,802,1550,125,72,522,465,146,1500,20,1,444,776,440,666,690,2127,2008,120
опнярсдмше гюа.;727,880,787,20,465,802,1550,1,444,776,5
хллсмхрер ярхл.;34100

опнакелш фйр
бняоюкемхе фйр;20,146,522,727,787,880,10000,465,1500,1600,1800,2160,2720,5000,428,660,776,4.9,1.2,1.5,1,5.8,3.9,6.3,800,10,15,12
упнм.гюа.йхьевм;141,488,866,468,782,664,604,187,543,1423,972,110,133,979,173,233,672,510,447,350
ъгбеммюъ анкег.;888,880,848,846,831,685,742,734,1043,944,782,591,480,423,343,339,322,832,556,808,534,460,424,246
дхюпеъ, йнкхр;152,344,433,454,621,1550,880,727,787,465,5000
бняо.апчьм.онк.;727,880,787,20,465,802,1550,95,444,776,125,72,2720,1600,1800,2160,5000,146,1865,832,440,2489,450,380
фексднй опнак.;727,880,787,20,95,125,72,2127,2008,450,400,659,802,1550,444,2720,1600,1800,2160,1500,1865,832,685
йхярш, йюпхея;981,138,142,177,183,210,222,233,436,534,626,723,835,875,5227,7059
цюярпнйюпдхюкэм;727,880,787,20,465,802,1550,95,444,776,125,72,2720,1800,2160,5000,146,1865,832,440,2489,450,380 
йхякнр.фек.янйю;727,880,787,20,802,1550,95,444,125,72,2720,1600,1800,2160,1500,1865,2127,832,685
оюмйпеюрхр брнп;727,880,787,20,802,1550,444,776,2720,600,650,1600,625,666,690,1500,832

онвйх, лнвеб.о
йнкхйх опнтхкюй;727,787,20,465,802,1550,444,776,832,800
лнвебни осгшпэ;727,880,787,20,465,802,1550,84,727,880,787,20,465,802,1550,400
лнвернвмхй бняо;86,727,880,787,465,802,1550,95,444,776,125,72,2720,600,650,1600,1800,2160,625,1500,1865,2427,832
онвевмюъ медняр;73,727,880,787,465,10,40,20,240,100,802,1550,95,444,125,72,600,650,1600,625,146,1500,1865,250,440

анкэ,бняоюкемхе
бняоюк.& дпемюф;69,68.5,73.5,21.5,58,27,75,46,79.5,32,11,50,11.5,20,1.5,4.9
бняо. ясярюбнб;1.2,4.9,1,10000,20,64.5,73.5,96,52,2.5,13,727,880,787,465,802,1550,3,28,2720,600,650,625,250
бняоюкемхе гса.;727,880,787,465,802,1550,95,1,776,2720,600,650,1600,1800,666,1500,3040,2489,190
анкэ пеап.яохмю;727,880,787,465,10000,20,802,1550,444,776,125,1865,3040,760
бняярюмнбкемхе;69,3.5,34.5,77.5,32.5,93.5,96,26.5,25.5,64,12.5,21.5,52,47.5
онякеноепюжхнм.;727,880,787,465,802,1550,444,776,1600,1800,2160,5000,522,146,1500,1,832,428
хьхюя;79,64,94,8,74,727,880,787,802,1550,10,666,690,130
лефпеа. мебпюкц;727,880,787,20,802,1550,444,776,125,1865,3040

яепдже, янясдш
юрепняйкепнг;727,880,787,20,465,10000,2720,1600,1800,2160,5000,1500,14
яремнйюп.(цпсдэ;727,880,787,20,465,95,444,776,125,72,2720,1600,1800,2160,3,1500,1865,832,660,14,230
цхоепрнмхъ упнм;6,96,65,727,880,787,465,10000,10
цхонрнмхъ;50,49,727,465,100,40
яремнйюпдхъ;727,880,787,20,465,95,444,776,125,72,2720,1600,1800,2160,3,1500,1865,832,660,14,230

налем беыеярб
гюйхякемхе;727,880,787,20,802,10000,776,146,465
ондюцпю;74,727,880,787,20,3040,85,90,98,79,62,53,56,54
бшбедемхе рнйя.;522,146

ярютхкнйнййх
т:юспеся;8697,7270,1050,999,943,824,787,784,745,738,728,727,647,644,555,478,424
т:йнюц-онгхрхбм;643,643.3
т:йнлокейямши;9646,8697,7270,7160,2600,2431,1902,1109,1089,1060,1050,1010,999,985,960,958,943,934,884,882,880,878,876,824.4,787,786,784,745,738,728,727,718,686,678,674,647,644,643,639,634,576,563,555,550,542,478,453,436,424,423,411,333,134,128
т:хмтейжхъ;960,727,786,453,678,674,550,1109,424,943,1050,643,2600,7160,639,1089,8697
ярют-ярпео.хмт.;1522,829,827,749,732,605,967,741,854,524,172,942,422,633,411,604,591,4122,102,344
ярют-ярпео.наы.;542,423,934,411,134,786,643,453,563,333,576,686,436,958,718,7160,2431,40887,128,1902,727,935,1060,1109,643,1050,9646,9647,1010,985

ярпеорнййнйх
я:бхпхдюмя;425,433,445,935,1010,1060,8478,457,465,777,778,1214,1216
я:целнкхрхйся;728,880,786,712,128,134,334,443,535,542,675,1415,1522,1902,691,710,1203,368,318
я:щмрепнйнйжхм;686,409
я:лсрюмр;108,114,433,437,488,625,687,833,883,994,8686,8777,9676,660,732,745,754,764
я:охнцемея;10000,5004,8450,2502,2111,1214,880,880,845,787,776,735,727,720,660,625.5,616,465,20
я:омеб.ялеь.тнп;158,174,645,801
я:омеблнмхщ;231,232,683,688,776,766,728,846,1552,8865
я:аюгнбюъ хмтей;2000,1266,885,884,883,882,881,880,879,878,877,876,875,848,802,800,787,784,727
ярют-ярпео.хмт.;1522,829,827,749,732,605,967,741,854,524,172,942,422,633,411,604,591,4122,102,344
ярют-ярпео. наы;542,423,934,411,134,786,643,453,563,333,576,686,436,958,718,7160,2431,40887,128,1902,727,935,1060,1109,643,1050,9646,9647,1010,985

онкнбше опнак.
бняоюкемхе фемя;727,787,465,802,1550,95,444,776,72,2720,600,650,1600,1800,2160,5000,625,522,666,690,2127,1,2008,428,2489,25,659
лемярп. мюпсьем;727,880,787,10000,20,465,802,1550,26,760,776,666,690
бняоюкемхе лсфC;428,727,20,3.5,2.7,465,1.5,1.2,9.4
ъхвмхйх,мюп.т-и;98,64,727,880,20,465,802,1550,444,776,2720,600,650,1600,1800,2160,625,666,690,1500,2127,2008,832,2489,26,73,4			
кевем. опнярюрш;727,880,787,20,465,802,1550,95,100,444,776,125,72,2720,2160,522,146,666,690,2127,2008,2489,410,73
кевемхе хлонрем;727,880,787,20,465,802,95,125,72,73,600,650,625,666,690,2127,2008
