юмхроюпюгхрюпм.
юмрхоюпюг.йкюпй;30000,1600,30000,1600,30000,1600
юмрхоюпюг. наы.;10000,5000,4412,2720,2400,2112,1864,1550,1360,880,854,800,784,751,732,728,712,688,651,644,524,465,442,422,334,240,152,128,125,120,112,96,72,64,20
юмрхоюпюгхр. F;1522,829,827,749,732,605,967,741,854,524,172,942,422,633,411,604,591,4122,102,344
юяйюпхднг;404900,408000,409150,403850,409700
ашвхи жеоемэ;476500,478000,481050,164,453,542,623,5522
цекэлхмрш наы.;6766,6672,6641,6578,2150,2128,2082,2013,2008,2003,2000,1850,945
кълакхнг;5768,5429,4334,2163,2018,1442,829,812,721,407,334,371450,379300,386900,421400,424000,426300
нохярнпунг;143,275,676,763,238,6641,6672,164,826,830,834,969,793,5243
ябхмни жеоемэ;475000,444000,446000,448900,164,453,542,623,5522
рнйянокюглю;434,852,19665.89,979.11,395000
ьхярнянлю люмя.;353000,329,9889,23549.28,1172.45
ьхярнянлю спею.;473000,847,867,635,23549.28,1172.45
щмрепнахнг;20,112,120,773,826,827,835,4152,420950,423000,426300
щухмнйнййнг;451600,457000,461500,441150,444000,446500,455850,458350,164,453,542,623,5522

хмтейжхх наыхе
юмрхаюйрепхюкэм;727,880,787,20,465,802,1550,95,444,776,125,72,600,650,1600,625,666,690,1500,1865,832,440,428,660,760,450,700,500
юмрхцпхайнбюъ;2222,1552,1550,1153,1134,1016,880,802,787,784,727,582,465,422,254,72,20,4442,2411,1833,1823,1333,1155,1130,942,933,886,866,774,766,745,743,728,623,594,592,565,555,524,512,464,414,374,344,337,321,242,222,158,132,823,824,825,826,827,828,829,331,336,587,632,688,757,882,884,887
океям. цпханй;728,880,784,464,886,414,254,344,2411,321,555,942,337,766,1823,524,374,743,132,866,594,158,512,623,774,1016,222,242,565,592,623,746,933,1130,1155,1333,1833,4442
дпнфф. цпханй;72,422,582,787,1016,2222,1134,254,987,986,984,982,980,974,908,906,878,876,873,871,866,865,864,863,861,778
цепоея;465,141,383,450,629,727,880,787,20,802,1550,2720,1600,1800,2160,1500,1865,100,200,1000
ярютхкнйнййх;9646,8697,7270,7160,2600,2431,1902,1109,1089,1060,1050,1010,999,985,960,958,943,934,884,882,880,878,876,824.4,787,786,784,745,738,728,727,718,686,678,674,647,644,643,639,634,576,563,555,550,542,478,453,436,424,423,411,333,134,128,40887,885,883,881,879,877,875
ярпеорнййнйх;2000,1266,885,884,883,882,881,880,879,878,877,876,875,848,802,800,787,784,727,563,611
цеоюрхр бхпсям.;334,433,767,869,876,477,574,752,779,17,1.6,1.7,9.4,1550,1351,922,880,802,727,329,317,224,28,1.2
цеоюрхр B;17,1.6,1.7,9.4,334,433,767,869,876,477,574,752,779,414550,418000,420800,20562.06,1023.72
цеоюрхр C;5000,3220,3176,2489,2189,1865,1600,1550,1500,1371,933,931,929,880,802,665,650,633,625,528,444,329,317,250,224,166,146,125,95,72,28,20,10000,600,728,727,787
оюохккнлю;67265,64734,16970,9609,9258,5657,1051,1011,907,874,767,489,466,404,265,110,45,20128.91,1002.16,20163.76,1003.,20263.34,1008.85
лемхмцхр;727,880,787,20,465,802,1550,95,444,125,72,600,650,625,1865,832,428,660,5000
юймщ;727,880,787,465,2720,1600,1800,2160,5000,1500

хмтейжхх яоеж.
цекхйнаюйреп;2950,2819,2779,2167,880,728,705,695,676,352,347,694.7,2778.8,704.9,2819.4
лхйнаюй.рсаепй.;2404,601,300,150,75.1,525.3,2101.1,21508.01,1070.82,430550,432000,434200
рсаепйскег;81.5,72,98,52,85,87.5,10000,2127,2008,1600,1550,1500,800,776,727,690,500,465,8030,1840,1552,1513,784,740,720,666,583,541,369,216,303,332,342,438,440,532,3113,6515,697,698,731,741,748,770,217,220,221,686,1132,1644,2313,6516,729,799,804,229,523,625,635,838,877,3353,757,93.00,522,664,737,1085,1099,1700,761,16000
лхйнокюглю;7344,2950,2900,2842,1147,1113,1067,1062,1045,969.9,880.2,878.2,865,829.3,800.4,790,783.6,779.9,706.7,690.7,690,686.6,684.1,679.2,673.9,664,644,610,484,254,322850,323500,323900,342750,346000,349300
йкеаяхеккю;840,818,783,779,776,766,765,746,413,412,398450,401000,404650,416900,419000,421900
укюлхдхнг;430,620,624,840,2213,3773,3768,2223,2218,942,866,622,555,470,379700,381000,383950
рпхунлнмхюг;610,692,980,378000,381000,383600
цюпдмепеккег;320,695,782,995,329,485,338000,340000,342550,16927.60,842.78
цнмнпеъ;7120,6000,5000,2330,1500,880,787,727,712,660,600,233,150,333850,334000,336500,16628.88,927.90
спеюокюглю;756,20,756,20,756
юяоепцхкк;1972,1823,758,743,697,524,374,339,247
йюмдхднг;20,60,95,125,225,414,427,465,727,787,880,384200,386000,388400,19217.81,956.80

цпхоо, нпбх
цпхоо, нпбх;425,461,513,753,763,954,332,341,469,482,523,742,787,841,889
юмрхаюйр. цпхоо;1.5,20,4.9,428
опнярсдмше гюа.;727,880,787,20,465,802,1550,1,444,776,5
хллсмхрер ярхл.;34100,64.5,1.6,1.7,1.8,8.1,9.4.9.6,10,12.5
жхрнлецюкнбхпся;126,597,629,682,1045,2146,2144,2145,8848,8856,20362.91,1013.81
бхп.щоьр.-аюппю;8768,6618,1920,1013,825,738,669,667,663,660,274,253,172,105,428,776,465,880,787,727,372500,380000,382850

юккепцхъ, юярлю
юмрхюккепцхвеяй;36,20.5,82,31.5,95.5,84,73.5,58,91.5,73,58.3,12.5,75,64.8,37.5,58.5,57,11.5,74.5,53.5,17,60,27.5,727,880,787,465,10000,5000,330
апнмухр юярлюр.;428,465,20,9.4,1.5,1,727,6.3,10,28,90,1.0,871,521,890,665,633,411,712,487,3124,3125,263,756,172,322,822,434,515,886,128,782
юмрх-юярлюрхвея;871,521,890,665,633,411,712,487,3124,3125,263,756,172,322,822,434,515,886,128,782
йпюохбмхжю;4.9;5.9;7.7;9.2;9.35;1800;880;787;727;522;146
щйгелю;0.7,1.7,2.6,9.2,9.4,97,85,52,87.5,90,91.5,94.5,98,1550,802,787,727,28.00,64.00,9.19,707,10000,5000,2720,2008,2180,2128,664,120,20,770,916,415,730.2,690,9.39

кнп
юдемнхдш;1550,802,880,787,776,727,444,20,428,660,2720,2170,14,333,523,768,786,1865,590,690,780,807,810,1570,2000
юмцхмю;360,35,86,52,89,82,87,787,776,727,465,428,660,3,230,2720,2160,1800,1600,1500,880,832,444,1865,125,95,72,20,14
апнмухр;32.5,46,76.5,86,92,1.2,73.0,880,727,9.40,9.35,32.50,46.00,76.50,86.00,92.00
омеблнмхъ;568,440,542,532,877,838,748,522,746,520,967,765,2688,6007,2581,2356,5423,5420,5421,5419
цюилнпхр;727,880,787,802,1550,125,72,522,85,90,98,79,86,62,53,69,58,26,74,57
нрхр;43,44,9.6,95,7.8,98,20,2.5,2.6,3.8,4
кюпхмцхр;9.5,39,39.5,99.75,1.2,73.0,440,465,444,1550,880,802,787,727,28,7.70,3.00,250,9.60,9.40
оюпюднмрхр;727,880,787,465,1550,444,776,2720,1600,1800,522,146,2008,2489
рнмгхккхр;727,880,787,20,802,1550,444,776,2720,2160,5000,1,13,804,784

опнакелш фйр
бняоюкемхе фйр;20,146,522,727,787,880,10000,465,1500,1600,1800,2160,2720,5000,428,660,776,4.9,1.2,1.5,1,5.8,3.9,6.3,800,10,15,12
упнм.гюа.йхьевм;141,488,866,468,782,664,604,187,543,1423,972,110,133,979,173,233,672,510,447,350
ъгбеммюъ анкег.;888,880,848,846,831,685,742,734,1043,944,782,591,480,423,343,339,322,832,556,808,534,460,424,246
дхюпеъ, йнкхр;152,344,433,454,621,1550,880,727,787,465,5000
бняо.апчьм.онк.;727,880,787,20,465,802,1550,95,444,776,125,72,2720,1600,1800,2160,5000,146,1865,832,440,2489,450,380
ункежхярхр;3.3,9.8,63.5,97.5,74.50,465,727,787,802,832,880,1550,10000
цюярпхр;727,880,787,20,95,125,72,2127,2008,450,400,659,802,1550,444,2720,1600,1800,2160,1500,1865,832,685
йхярш, йюпхея;981,138,142,177,183,210,222,233,436,534,626,723,835,875,5227,7059
цюярпнйюпдхюкэм;727,880,787,20,465,802,1550,95,444,776,125,72,2720,1800,2160,5000,146,1865,832,440,2489,450,380 
йхякнр.фек.янйю;727,880,787,20,802,1550,95,444,125,72,2720,1600,1800,2160,1500,1865,2127,832,685
оюмйпеюрхр брнп;727,880,787,20,802,1550,444,776,2720,600,650,1600,625,666,690,1500,832

анкэ,бняоюкемхе
бняоюк.& дпемюф;69,68.5,73.5,21.5,58,27,75,46,79.5,32,11,50,11.5,20,1.5,4.9
гсамюъ анкэ;727,880,787,465,802,1550,95,1,776,2720,600,650,1600,1800,666,1500,3040,2489,190
цнкнбмюъ анкэ;6,97.5,9.45,9.5,9.6,8.5,522,146,4.90,3040,880,787,727,20,10,6.30,5.80,650,625,600,9.40,96.00,7.00
бняоюкемхе анкэ;3040,95,880,1550,802,787,776,727,4.90,2127,2008,690,666,100.00
рпюблш, сьхаш;8.1,86,97.5,0.7,0.9,2.5,2.65,3.3,9.8,56,69,1.2,3.6,3.8,3.9,8.6,92,3040,95,190,760,880,787,727,465,9.10,110
кхлтндпемюф;10000,3177,3176,3175,880,787,751,727,676,635,625,522,465,444,440,304,148,146,15.2,15.05,10.36,10,7.83,6.3,2.5,67.5,15,37.5,38,38.5,20.5,94.5,43.5,88,62,6.30,25.50

ясярюбш
юпрпхр;64.00,78.00,100.00,58.50,88.50,54,9.6,1.2,1.6,9.2,64.5,99,56,88,2.65,6.8,9.4,9.7,8.1,46,69,2.5,3.6,3.8,3.9,79,7.8,10.0,28.0,10000,1550,880,802,787,727,465,20,7.70,3.00,6.40,2720,250,650,625,600,30.0
няренунмдпнг;12,74,79,1.2,1.6,2,2.65,3,9.2,9.6,9.7,62.5,64.5,67.5,76,76.5,95,100,46,10.0,40.0,4.6,73.0,84.50
бняо. ясярюбнб;1.2,4.9,1,10000,20,64.5,73.5,96,52,2.5,13,727,880,787,465,802,1550,3,28,2720,600,650,625,250
ондюцпю;74,727,880,787,20,3040,85,90,98,79,62,53,56,54,75.5,95.5

яепдже, янясдш
юрепняйкепнг;727,880,787,20,465,10000,2720,1600,1800,2160,5000,1500,14
яремнйюп.(цпсдэ;727,880,787,20,465,95,444,776,125,72,2720,1600,1800,2160,3,1500,1865,832,660,14,230
яремнйюпдхъ;727,880,787,20,465,95,444,776,125,72,2720,1600,1800,2160,3,1500,1865,832,660,14,230
цхоепрнмхъ упнм;6,96,65,727,880,787,465,10000,10
цхонрнмхъ;50,49,727,465,100,40
бюпхйнг;2.8,3.3,8.1,9.2,7.5,1.2,28.0,33.50,94.00,85.00,46.50,99.50,84.50

онвйх, лнвеб.о
жхярхр;727,880,787,20,465,802,1550,84,727,880,787,20,465,802,1550,400
охекнметпхр;2.5,2.6,4,4.9,9.4,20,20.5,83.5,100
йнкхйх опнтхкюй;727,787,20,465,802,1550,444,776,832,800
онвевмюъ медняр;73,727,880,787,465,10,40,20,240,100,802,1550,95,444,125,72,600,650,1600,625,146,1500,1865,250,440

онкнбше опнак.
щмднлерпхр;727,787,465,802,1550,95,444,776,72,2720,600,650,1600,1800,2160,5000,625,522,666,690,2127,1,2008,428,2489,25,659
лемярп. мюпсьем;727,880,787,10000,20,465,802,1550,26,760,776,666,690
опнярюрхр;727,880,787,20,465,802,1550,95,100,444,776,125,72,2720,2160,522,146,666,690,2127,2008,2489,410,73
лсф. пецскъжхъ;38,97,57,51,727,880,787,20,465,802,95,125,72,73,600,650,625,666,690,2127,2008
фем. пецскъжхъ;38,19,32,727,880,787,20,465,802,95,125,72,73,600,650,625,666,690,2127,2008,55	

наыхе
бшбедемхе рнйя.;522,146,2008
йхяк-ыек.аюкюмя;3.9,727,880,787,20,802,10000,776,146,465
нфхпемхе;465,10000,2,32
бшоюдемхе бнкня;727,880,787,465,10000,146,85,45,90,98,52
рнмхгхпсчыхи;84,32,34,787,35,700,73,19,10,727,880,802,1550,10000,2720,600,650,1600,1800,2160,625,1,440,660,2489
яедюрхбмши;2.5,24.5,92,34,3,880,802,1550,10000,1500,10,28,727,787,20,95,125,72,2720,600,650,1600,1800,2160,625,1,440,660,2489
фхгм. щмепцхъ;10,4,15,99,80,36,62,100,5,40,45
